6.063871256510416288e+02
6.045654296875000000e+02
6.102381998697916288e+02
6.047266438802083712e+02
6.014379882812500000e+02
6.038650716145833712e+02
6.056505126953125000e+02
6.008272298177083712e+02
6.012109375000000000e+02
6.060372721354166288e+02
6.028071695963541288e+02
6.065844319661458712e+02
6.070400797526041288e+02
6.009363199869791288e+02
6.002820231119791288e+02
6.066989339192708712e+02
6.093063557942708712e+02
6.089775797526041288e+02
6.041738281250000000e+02
6.030072021484375000e+02
6.041927897135416288e+02
6.032338460286458712e+02
6.031958821614583712e+02
6.052835286458333712e+02
6.134635009765625000e+02
6.025207926432291288e+02
6.006470540364583712e+02
6.011018880208333712e+02
6.013004150390625000e+02
6.003156738281250000e+02
6.078026529947916288e+02
6.033179931640625000e+02
6.015843098958333712e+02
6.068166910807291288e+02
6.032355957031250000e+02
6.020915120442708712e+02
6.082469075520833712e+02
6.064978027343750000e+02
6.003419596354166288e+02
5.971324055989583712e+02
6.063413085937500000e+02
6.016383463541666288e+02
5.978962809244791288e+02
6.018535563151041288e+02
6.002403971354166288e+02
6.055069173177083712e+02
5.961879069010416288e+02
6.015695800781250000e+02
5.987605387369791288e+02
5.998872477213541288e+02
5.987460530598958712e+02
5.993738606770833712e+02
5.979793701171875000e+02
6.075299479166666288e+02
6.040431315104166288e+02
6.009177246093750000e+02
6.003135172526041288e+02
5.965131022135416288e+02
6.018983968098958712e+02
5.979270833333333712e+02
6.006739095052083712e+02
5.992853190104166288e+02
5.993409830729166288e+02
6.009129638671875000e+02
5.984955647786458712e+02
5.996331787109375000e+02
5.991821289062500000e+02
6.012166341145833712e+02
5.964822591145833712e+02
5.953105875651041288e+02
5.930192871093750000e+02
5.996601155598958712e+02
5.997087402343750000e+02
6.021389567057291288e+02
5.943091227213541288e+02
5.946625162760416288e+02
5.972918701171875000e+02
5.949816894531250000e+02
5.985745442708333712e+02
5.963457031250000000e+02
5.944289143880208712e+02
6.015224202473958712e+02
5.917553710937500000e+02
6.027019856770833712e+02
6.025913899739583712e+02
5.965464274088541288e+02
5.956913248697916288e+02
6.026298828125000000e+02
5.961886393229166288e+02
6.041964111328125000e+02
5.929931233723958712e+02
5.972247721354166288e+02
6.050430094401041288e+02
5.980614420572916288e+02
6.023832600911458712e+02
5.962312011718750000e+02
5.975697428385416288e+02
6.035074055989583712e+02
5.983404541015625000e+02
5.996835530598958712e+02
5.993328450520833712e+02
5.972613525390625000e+02
5.995327555338541288e+02
5.935583902994791288e+02
5.984206542968750000e+02
5.971979166666666288e+02
6.002084960937500000e+02
5.965603434244791288e+02
5.992089436848958712e+02
5.976916503906250000e+02
5.983356526692708712e+02
6.011907552083333712e+02
6.038793945312500000e+02
5.959495442708333712e+02
5.955067138671875000e+02
5.962703857421875000e+02
5.968789469401041288e+02
5.918762207031250000e+02
5.946036376953125000e+02
6.032057698567708712e+02
5.973930664062500000e+02
5.945987548828125000e+02
5.955829671223958712e+02
5.946824137369791288e+02
6.057166748046875000e+02
5.985721435546875000e+02
5.923115234375000000e+02
5.995155436197916288e+02
5.937172851562500000e+02
5.954153645833333712e+02
6.005878499348958712e+02
6.019646402994791288e+02
6.097275390625000000e+02
5.933748372395833712e+02
5.978464762369791288e+02
5.937402343750000000e+02
5.939302571614583712e+02
5.989241129557291288e+02
6.026146240234375000e+02
5.934097493489583712e+02
5.962955322265625000e+02
5.978295084635416288e+02
5.994258626302083712e+02
5.933585611979166288e+02
5.916071370442708712e+02
6.033561197916666288e+02
5.976484375000000000e+02
5.953719889322916288e+02
5.940851643880208712e+02
5.953360188802083712e+02
5.983762207031250000e+02
5.964673258463541288e+02
5.951549886067708712e+02
5.966205647786458712e+02
5.949254557291666288e+02
5.973100585937500000e+02
5.933342692057291288e+02
5.982828776041666288e+02
5.926780192057291288e+02
5.945450439453125000e+02
5.989283040364583712e+02
5.995336100260416288e+02
5.961528320312500000e+02
6.006152750651041288e+02
5.973592529296875000e+02
5.935202229817708712e+02
5.939469401041666288e+02
5.938054606119791288e+02
5.951120605468750000e+02
5.946410725911458712e+02
5.930757242838541288e+02
5.955944417317708712e+02
5.939556477864583712e+02
5.997019042968750000e+02
5.926729736328125000e+02
5.938319498697916288e+02
5.928973388671875000e+02
5.919356689453125000e+02
5.946483968098958712e+02
5.994978841145833712e+02
5.956582031250000000e+02
5.924110921223958712e+02
5.943817545572916288e+02
5.960762125651041288e+02
5.968835856119791288e+02
5.939487711588541288e+02
6.002829182942708712e+02
5.888422851562500000e+02
5.968974609375000000e+02
5.941503092447916288e+02
5.965660400390625000e+02
5.947816975911458712e+02
5.931004231770833712e+02
5.959076334635416288e+02
5.967528076171875000e+02
5.928245442708333712e+02
5.938460286458333712e+02
5.912742513020833712e+02
5.938677978515625000e+02
5.937336832682291288e+02
5.924251302083333712e+02
5.887503255208333712e+02
5.981903483072916288e+02
5.916028645833333712e+02
5.896686604817708712e+02
5.913497721354166288e+02
5.963952636718750000e+02
5.923835856119791288e+02
5.956311035156250000e+02
5.921372070312500000e+02
5.920379231770833712e+02
5.903719482421875000e+02
5.914935709635416288e+02
5.898803304036458712e+02
5.981572265625000000e+02
5.937666015625000000e+02
5.970452067057291288e+02
5.911916503906250000e+02
5.950463460286458712e+02
6.009633789062500000e+02
5.936586914062500000e+02
5.964812825520833712e+02
5.954564615885416288e+02
5.936213378906250000e+02
5.893750813802083712e+02
5.938063964843750000e+02
5.902303873697916288e+02
5.949795328776041288e+02
5.993701171875000000e+02
5.974095865885416288e+02
5.918288574218750000e+02
5.969200439453125000e+02
5.971942545572916288e+02
5.977987060546875000e+02
5.957823486328125000e+02
5.930133463541666288e+02
5.883967285156250000e+02
5.944621175130208712e+02
5.959919026692708712e+02
5.973892415364583712e+02
5.891509602864583712e+02
5.902536214192708712e+02
5.916071777343750000e+02
5.931691080729166288e+02
5.949238281250000000e+02
5.916385904947916288e+02
5.941173502604166288e+02
5.948604329427083712e+02
5.939246419270833712e+02
5.931997884114583712e+02
5.927598063151041288e+02
5.912151692708333712e+02
5.909951578776041288e+02
5.878160400390625000e+02
5.917663167317708712e+02
5.973596191406250000e+02
5.901268717447916288e+02
5.882138671875000000e+02
5.913145751953125000e+02
5.910130208333333712e+02
5.894650878906250000e+02
5.925034586588541288e+02
5.899931233723958712e+02
5.992001546223958712e+02
5.979272867838541288e+02
5.885184733072916288e+02
5.943013916015625000e+02
5.917727864583333712e+02
5.969108479817708712e+02
5.967210693359375000e+02
5.929696858723958712e+02
5.913802083333333712e+02
5.937269287109375000e+02
5.905577392578125000e+02
5.947557779947916288e+02
5.906148681640625000e+02
5.935515543619791288e+02
5.926864827473958712e+02
5.885011393229166288e+02
5.913299153645833712e+02
5.928608805338541288e+02
5.947998860677083712e+02
5.921821289062500000e+02
5.891859130859375000e+02
5.898656819661458712e+02
5.907742106119791288e+02
5.883841959635416288e+02
5.955984293619791288e+02
5.884940999348958712e+02
5.890204264322916288e+02
5.865461832682291288e+02
5.894065348307291288e+02
5.891561686197916288e+02
5.952756754557291288e+02
5.929850667317708712e+02
5.892725016276041288e+02
5.935074055989583712e+02
5.936458333333333712e+02
5.892677408854166288e+02
5.929152425130208712e+02
5.897866617838541288e+02
5.880865478515625000e+02
5.977329508463541288e+02
5.934307454427083712e+02
5.906789550781250000e+02
5.951166585286458712e+02
5.924919840494791288e+02
5.920758463541666288e+02
5.980771484375000000e+02
5.916075439453125000e+02
5.875680338541666288e+02
5.920505371093750000e+02
5.893140055338541288e+02
5.883304850260416288e+02
5.882408854166666288e+02
5.995289306640625000e+02
5.930775553385416288e+02
5.915360921223958712e+02
5.880616455078125000e+02
5.948518880208333712e+02
5.998508707682291288e+02
5.895712483723958712e+02
5.947467854817708712e+02
5.890104166666666288e+02
5.917958984375000000e+02
5.949425455729166288e+02
5.919455566406250000e+02
5.889917805989583712e+02
5.937441813151041288e+02
5.969673665364583712e+02
5.921385091145833712e+02
5.897576090494791288e+02
5.925828043619791288e+02
5.925445556640625000e+02
5.946908772786458712e+02
5.896237386067708712e+02
5.898793538411458712e+02
5.947128499348958712e+02
5.899074707031250000e+02
5.858445638020833712e+02
5.850299479166666288e+02
5.883292643229166288e+02
5.909938557942708712e+02
5.910976969401041288e+02
5.895423583984375000e+02
5.875066324869791288e+02
5.927001546223958712e+02
5.950958658854166288e+02
5.951840006510416288e+02
5.923257649739583712e+02
5.907301025390625000e+02
5.951524251302083712e+02
5.881459554036458712e+02
5.902821451822916288e+02
5.905296630859375000e+02
5.935576171875000000e+02
5.911084391276041288e+02
5.958047281901041288e+02
5.872215576171875000e+02
5.930379638671875000e+02
5.876816813151041288e+02
5.891400960286458712e+02
5.879308675130208712e+02
5.901288655598958712e+02
5.876321207682291288e+02
6.000397135416666288e+02
5.917829996744791288e+02
5.939255371093750000e+02
5.908577473958333712e+02
5.861892903645833712e+02
5.890749918619791288e+02
5.894812418619791288e+02
5.887540690104166288e+02
5.964996744791666288e+02
5.911630452473958712e+02
5.954602050781250000e+02
5.918016357421875000e+02
5.886907958984375000e+02
5.983208007812500000e+02
5.946778564453125000e+02
5.880541992187500000e+02
5.913841552734375000e+02
5.929221598307291288e+02
5.901901855468750000e+02
5.966140136718750000e+02
5.870609130859375000e+02
5.926100667317708712e+02
5.895543619791666288e+02
5.906226399739583712e+02
5.944868164062500000e+02
5.884759928385416288e+02
5.930509847005208712e+02
5.909208170572916288e+02
5.926584065755208712e+02
5.884161376953125000e+02
5.884269205729166288e+02
5.848021240234375000e+02
5.910502115885416288e+02
5.887126464843750000e+02
5.902204996744791288e+02
5.958404947916666288e+02
5.961898193359375000e+02
5.861992594401041288e+02
5.856391194661458712e+02
5.875555419921875000e+02
5.912386067708333712e+02
5.892853190104166288e+02
5.897861735026041288e+02
5.852496337890625000e+02
5.888020426432291288e+02
5.873678385416666288e+02
5.872836100260416288e+02
5.912093505859375000e+02
5.928912760416666288e+02
5.907785644531250000e+02
5.904421386718750000e+02
5.882926025390625000e+02
5.953658447265625000e+02
5.895952148437500000e+02
5.912897542317708712e+02
5.867839762369791288e+02
5.904840494791666288e+02
5.870506998697916288e+02
5.848695475260416288e+02
5.845723063151041288e+02
5.911529134114583712e+02
5.859957275390625000e+02
5.921835123697916288e+02
5.885937906901041288e+02
5.887377929687500000e+02
5.878261311848958712e+02
5.925363362630208712e+02
5.914237874348958712e+02
5.872745768229166288e+02
5.870903320312500000e+02
5.898880208333333712e+02
5.856452229817708712e+02
5.854115397135416288e+02
5.877080891927083712e+02
5.966012369791666288e+02
5.815933024088541288e+02
5.845425211588541288e+02
5.894075113932291288e+02
5.848850097656250000e+02
5.893745524088541288e+02
5.892489827473958712e+02
5.850415039062500000e+02
5.859885660807291288e+02
5.849694417317708712e+02
5.851637369791666288e+02
5.806476643880208712e+02
5.901836751302083712e+02
5.900499674479166288e+02
5.862028401692708712e+02
5.858871663411458712e+02
5.848044840494791288e+02
5.920192871093750000e+02
5.883742675781250000e+02
5.848999430338541288e+02
5.875090738932291288e+02
5.950800781250000000e+02
5.856561686197916288e+02
5.844213867187500000e+02
5.895553385416666288e+02
5.951846923828125000e+02
5.858556722005208712e+02
5.919943033854166288e+02
5.966829833984375000e+02
5.942440592447916288e+02
5.852695312500000000e+02
5.835881347656250000e+02
5.885994466145833712e+02
5.915814615885416288e+02
5.923907063802083712e+02
5.885824381510416288e+02
5.837904459635416288e+02
5.878157958984375000e+02
5.886683349609375000e+02
5.942985432942708712e+02
5.893851725260416288e+02
5.917137044270833712e+02
5.904545084635416288e+02
5.852041829427083712e+02
5.841442057291666288e+02
5.855240885416666288e+02
5.915277913411458712e+02
5.912963053385416288e+02
5.848516845703125000e+02
5.877109781901041288e+02
5.868248291015625000e+02
5.865922851562500000e+02
5.832678222656250000e+02
5.854687906901041288e+02
5.846422119140625000e+02
5.860961100260416288e+02
5.873503824869791288e+02
5.849944661458333712e+02
5.850206705729166288e+02
5.850601399739583712e+02
5.856011962890625000e+02
5.883745930989583712e+02
5.853244222005208712e+02
5.872192789713541288e+02
5.854879964192708712e+02
5.867971598307291288e+02
5.832863362630208712e+02
5.825567220052083712e+02
5.892498779296875000e+02
5.859548746744791288e+02
5.831031494140625000e+02
5.960312906901041288e+02
5.885997721354166288e+02
5.893210449218750000e+02
5.873406575520833712e+02
5.918844401041666288e+02
5.888496093750000000e+02
5.881464436848958712e+02
5.857528483072916288e+02
5.872525634765625000e+02
5.823847249348958712e+02
5.879226481119791288e+02
5.887594807942708712e+02
5.854801432291666288e+02
5.882184244791666288e+02
5.831508789062500000e+02
5.923423665364583712e+02
5.873041585286458712e+02
5.865508626302083712e+02
5.881212158203125000e+02
5.881374918619791288e+02
5.890099690755208712e+02
5.836241861979166288e+02
5.863501790364583712e+02
5.871592610677083712e+02
5.850413411458333712e+02
5.823755289713541288e+02
5.806309407552083712e+02
5.871967773437500000e+02
5.873679199218750000e+02
5.870410970052083712e+02
5.875836181640625000e+02
5.845256347656250000e+02
5.858120117187500000e+02
5.842941080729166288e+02
5.899544677734375000e+02
5.813873697916666288e+02
5.878660481770833712e+02
5.812727050781250000e+02
5.837506917317708712e+02
5.850901692708333712e+02
5.864296468098958712e+02
5.865656738281250000e+02
5.818689778645833712e+02
5.834720052083333712e+02
5.855199381510416288e+02
5.834855957031250000e+02
5.817119954427083712e+02
5.801416422526041288e+02
5.842550455729166288e+02
5.858709309895833712e+02
5.850238444010416288e+02
5.855316975911458712e+02
5.836600341796875000e+02
5.854262288411458712e+02
5.850584309895833712e+02
5.846673177083333712e+02
5.821218668619791288e+02
5.878022460937500000e+02
5.844521077473958712e+02
5.862349446614583712e+02
5.797675374348958712e+02
5.867372639973958712e+02
5.867265625000000000e+02
5.843269856770833712e+02
5.839824625651041288e+02
5.871072998046875000e+02
5.815979003906250000e+02
5.864307047526041288e+02
5.837949218750000000e+02
5.835225423177083712e+02
5.831025797526041288e+02
5.831101481119791288e+02
5.814241129557291288e+02
5.809994710286458712e+02
5.810312093098958712e+02
5.857273356119791288e+02
5.882701822916666288e+02
5.828643391927083712e+02
5.848588053385416288e+02
5.825806884765625000e+02
5.852127278645833712e+02
5.821862792968750000e+02
5.817863362630208712e+02
5.827937011718750000e+02
5.821984863281250000e+02
5.851838378906250000e+02
5.845018717447916288e+02
5.836721598307291288e+02
5.821601969401041288e+02
5.833953043619791288e+02
5.815736490885416288e+02
5.809060058593750000e+02
5.816916910807291288e+02
5.868703613281250000e+02
5.870560709635416288e+02
5.865497639973958712e+02
5.841101074218750000e+02
5.806810709635416288e+02
5.798282470703125000e+02
5.888741455078125000e+02
5.839277750651041288e+02
5.854158528645833712e+02
5.820212809244791288e+02
5.855404866536458712e+02
5.824207356770833712e+02
5.843391113281250000e+02
5.878220214843750000e+02
5.836822509765625000e+02
5.816599121093750000e+02
5.865418701171875000e+02
5.888011474609375000e+02
5.833635660807291288e+02
5.954855143229166288e+02
5.923662109375000000e+02
5.890203450520833712e+02
5.882023111979166288e+02
5.912122395833333712e+02
5.899943033854166288e+02
5.870578206380208712e+02
5.886615804036458712e+02
5.875916341145833712e+02
5.861208089192708712e+02
5.840864664713541288e+02
5.853811848958333712e+02
5.835572509765625000e+02
5.822949625651041288e+02
5.865022786458333712e+02
5.832880045572916288e+02
5.881707356770833712e+02
5.874205729166666288e+02
5.871108805338541288e+02
5.817862141927083712e+02
5.824913736979166288e+02
5.878042805989583712e+02
6.004338378906250000e+02
5.853107096354166288e+02
5.867578125000000000e+02
5.867842610677083712e+02
5.893116861979166288e+02
5.877203776041666288e+02
5.857631835937500000e+02
5.860251871744791288e+02
5.845372721354166288e+02
5.813826497395833712e+02
5.921421305338541288e+02
5.857443033854166288e+02
5.822329508463541288e+02
5.814407145182291288e+02
5.809302571614583712e+02
5.832056070963541288e+02
5.825715738932291288e+02
5.889802652994791288e+02
5.827478434244791288e+02
5.804077148437500000e+02
5.854223225911458712e+02
5.801818033854166288e+02
5.817773437500000000e+02
5.803160807291666288e+02
5.832793782552083712e+02
5.803158365885416288e+02
5.798437093098958712e+02
5.912133382161458712e+02
5.809933675130208712e+02
5.796264648437500000e+02
5.820650227864583712e+02
5.820743001302083712e+02
5.835445963541666288e+02
5.823137207031250000e+02
5.835445963541666288e+02
5.811210937500000000e+02
5.822690429687500000e+02
5.889458007812500000e+02
5.833326822916666288e+02
5.829017333984375000e+02
5.894440511067708712e+02
5.873521321614583712e+02
5.856278483072916288e+02
5.870410970052083712e+02
5.845770263671875000e+02
5.838687744140625000e+02
5.835858561197916288e+02
5.839796142578125000e+02
5.815526936848958712e+02
5.867553710937500000e+02
5.861323242187500000e+02
5.847062988281250000e+02
5.839569905598958712e+02
5.854860026041666288e+02
5.850691324869791288e+02
5.860292968750000000e+02
5.841131998697916288e+02
5.834110107421875000e+02
5.828291422526041288e+02
5.889398600260416288e+02
5.803688557942708712e+02
5.856501871744791288e+02
5.843706054687500000e+02
5.891828613281250000e+02
5.845231933593750000e+02
5.820323079427083712e+02
5.834556070963541288e+02
5.846617431640625000e+02
5.897264811197916288e+02
5.828680419921875000e+02
5.901383463541666288e+02
5.794881184895833712e+02
5.825482584635416288e+02
5.854465332031250000e+02
5.820776774088541288e+02
5.903774007161458712e+02
5.895268554687500000e+02
5.803929850260416288e+02
5.859315999348958712e+02
5.860746256510416288e+02
5.861751708984375000e+02
5.818500976562500000e+02
5.817178141276041288e+02
5.875831705729166288e+02
5.835573323567708712e+02
5.807400309244791288e+02
5.873940836588541288e+02
5.832623697916666288e+02
5.876343994140625000e+02
5.808640136718750000e+02
5.849460449218750000e+02
5.833156331380208712e+02
5.866105143229166288e+02
5.828654378255208712e+02
5.864143880208333712e+02
5.846734212239583712e+02
5.875588785807291288e+02
5.866824137369791288e+02
5.824192301432291288e+02
5.823438720703125000e+02
5.802288004557291288e+02
5.809709065755208712e+02
5.821857096354166288e+02
5.913119303385416288e+02
5.792127685546875000e+02
5.850363769531250000e+02
5.825568847656250000e+02
5.865273844401041288e+02
5.889389648437500000e+02
5.828647460937500000e+02
5.842345377604166288e+02
5.795565592447916288e+02
5.843600667317708712e+02
5.941539713541666288e+02
5.805054931640625000e+02
5.801929117838541288e+02
5.862399088541666288e+02
5.789840901692708712e+02
5.859799397786458712e+02
5.882277425130208712e+02
5.861186116536458712e+02
5.884837646484375000e+02
5.890607096354166288e+02
5.847132568359375000e+02
5.839177652994791288e+02
5.843364664713541288e+02
5.818621012369791288e+02
5.800938313802083712e+02
5.794910888671875000e+02
5.833575032552083712e+02
5.876177571614583712e+02
5.827703857421875000e+02
5.868775227864583712e+02
5.869527180989583712e+02
5.824669596354166288e+02
5.842899576822916288e+02
5.857057698567708712e+02
5.869847819010416288e+02
5.841108398437500000e+02
5.810482584635416288e+02
5.859563802083333712e+02
5.807816975911458712e+02
5.849125162760416288e+02
5.887654622395833712e+02
5.842380777994791288e+02
5.799404703776041288e+02
5.859030354817708712e+02
5.860318196614583712e+02
5.959155680338541288e+02
5.859084065755208712e+02
5.865973307291666288e+02
5.851226806640625000e+02
5.846780192057291288e+02
5.819319254557291288e+02
5.803248291015625000e+02
5.827618815104166288e+02
5.855859375000000000e+02
5.820904541015625000e+02
5.910739746093750000e+02
5.873124593098958712e+02
5.915397542317708712e+02
5.842365722656250000e+02
5.812337646484375000e+02
5.905544433593750000e+02
5.876366780598958712e+02
5.880817057291666288e+02
5.842325846354166288e+02
5.814115397135416288e+02
5.872701416015625000e+02
5.786179199218750000e+02
5.815465087890625000e+02
5.848572591145833712e+02
5.869521891276041288e+02
5.881195475260416288e+02
5.865302734375000000e+02
5.852089436848958712e+02
5.859326171875000000e+02
5.878960774739583712e+02
5.834434407552083712e+02
5.837482096354166288e+02
5.834871419270833712e+02
5.828810628255208712e+02
5.813908691406250000e+02
5.802445068359375000e+02
5.807509765625000000e+02
5.807689615885416288e+02
5.810747884114583712e+02
5.864327392578125000e+02
5.813911946614583712e+02
5.820920817057291288e+02
5.799305013020833712e+02
5.798064778645833712e+02
5.810692545572916288e+02
5.810161946614583712e+02
5.810790201822916288e+02
5.812253417968750000e+02
5.819513753255208712e+02
5.807503255208333712e+02
5.796975504557291288e+02
5.779153238932291288e+02
5.861230468750000000e+02
5.815077311197916288e+02
5.841413167317708712e+02
5.825706787109375000e+02
5.848567301432291288e+02
5.845503336588541288e+02
5.826266276041666288e+02
5.828580729166666288e+02
5.801412760416666288e+02
5.814722900390625000e+02
5.786035156250000000e+02
5.841115315755208712e+02
5.815840250651041288e+02
5.811818440755208712e+02
5.828588867187500000e+02
5.813352864583333712e+02
5.803144531250000000e+02
5.850411783854166288e+02
5.782439371744791288e+02
5.811967773437500000e+02
5.836357421875000000e+02
5.779663899739583712e+02
5.809899495442708712e+02
5.810379231770833712e+02
5.825072835286458712e+02
5.791460774739583712e+02
5.796042073567708712e+02
5.772833658854166288e+02
5.860266113281250000e+02
5.840369466145833712e+02
5.841051025390625000e+02
5.804654541015625000e+02
5.817980550130208712e+02
5.875648193359375000e+02
5.809615885416666288e+02
5.804618326822916288e+02
5.851501464843750000e+02
5.820600585937500000e+02
5.800281982421875000e+02
5.835143636067708712e+02
5.805882975260416288e+02
5.822169596354166288e+02
5.795750325520833712e+02
5.785883382161458712e+02
5.820450032552083712e+02
5.794794921875000000e+02
5.813615315755208712e+02
5.784062093098958712e+02
5.807307128906250000e+02
5.844262695312500000e+02
5.779355468750000000e+02
5.789775390625000000e+02
5.799400227864583712e+02
5.765336507161458712e+02
5.779742431640625000e+02
5.786180826822916288e+02
5.812728271484375000e+02
5.806983235677083712e+02
5.792968343098958712e+02
5.800253906250000000e+02
5.802242838541666288e+02
5.779117838541666288e+02
5.750593668619791288e+02
5.752996012369791288e+02
5.769121093750000000e+02
5.915142415364583712e+02
5.849281412760416288e+02
5.870001220703125000e+02
5.871035156250000000e+02
5.885189208984375000e+02
5.859235026041666288e+02
5.847268066406250000e+02
5.793671061197916288e+02
5.873938802083333712e+02
5.795322672526041288e+02
5.842290445963541288e+02
5.839369303385416288e+02
5.806941731770833712e+02
5.824149169921875000e+02
5.815009358723958712e+02
5.828601888020833712e+02
5.812582194010416288e+02
5.844168294270833712e+02
5.782491861979166288e+02
5.797856445312500000e+02
5.801612955729166288e+02
5.807362467447916288e+02
5.828396402994791288e+02
5.801993408203125000e+02
5.827934977213541288e+02
5.825642496744791288e+02
5.833349609375000000e+02
5.813930257161458712e+02
5.811252848307291288e+02
5.765119628906250000e+02
5.835256754557291288e+02
5.827246500651041288e+02
5.774520263671875000e+02
5.782314860026041288e+02
5.798717041015625000e+02
5.792080891927083712e+02
5.759854329427083712e+02
5.753071289062500000e+02
5.826304117838541288e+02
5.814054361979166288e+02
5.803351643880208712e+02
5.828651936848958712e+02
5.792107747395833712e+02
5.830358479817708712e+02
5.805463867187500000e+02
5.837299804687500000e+02
5.826081136067708712e+02
5.804511718750000000e+02
5.769649658203125000e+02
5.783012288411458712e+02
5.950026041666666288e+02
5.821125488281250000e+02
5.780317382812500000e+02
5.837306315104166288e+02
5.904937337239583712e+02
5.856016031901041288e+02
5.841736246744791288e+02
5.906455485026041288e+02
5.843985595703125000e+02
5.851044108072916288e+02
5.809755859375000000e+02
5.820814615885416288e+02
5.800644938151041288e+02
5.789989013671875000e+02
5.939094645182291288e+02
5.799090576171875000e+02
5.832358805338541288e+02
5.829341227213541288e+02
5.861011149088541288e+02
5.812906087239583712e+02
5.830751953125000000e+02
5.828152669270833712e+02
5.831543782552083712e+02
5.811173502604166288e+02
5.778439941406250000e+02
5.786711832682291288e+02
5.810835774739583712e+02
5.893740641276041288e+02
5.799245605468750000e+02
5.827671712239583712e+02
5.820246582031250000e+02
5.833474121093750000e+02
5.792332763671875000e+02
5.769067382812500000e+02
5.798337402343750000e+02
5.756425374348958712e+02
5.828811442057291288e+02
5.950730387369791288e+02
5.826661376953125000e+02
5.834850667317708712e+02
5.827819010416666288e+02
